27 0.01 2
2
1000 1
5000
0.10 993.01 -45.00
0.14 1011.83 -43.78
0.20 1176.27 -45.00
0.28 1278.06 -54.30
0.40 1000.00 -67.08
0.57 599.27 -76.49
0.80 323.14 -81.54
1.13 169.90 -83.67
1.60 89.61 -84.04
2.26 48.01 -83.26
3.20 26.36 -81.62
4.53 14.98 -79.22
6.40 8.90 -76.15
9.05 5.59 -72.53
12.80 3.75 -68.55
18.10 2.70 -64.48
25.60 2.08 -60.60
36.20 1.70 -57.14
51.20 1.46 -54.22
72.41 1.31 -51.87
102.40 1.21 -50.05
144.82 1.15 -48.67
204.80 1.10 -47.65
289.63 1.07 -46.90
409.60 1.05 -46.36
579.26 1.03 -45.97
819.20 1.02 -45.69