1.000000000000000194e-02
1.960000000000000284e-02
4.000000000000000777e-02
7.840000000000001135e-02
1.600000000000000311e-01
3.248999999999999666e-01
6.400000000000001243e-01
1.276899999999999702e+00
2.560000000000000497e+00
5.107599999999998808e+00
1.024000000000000199e+01
2.052090000000000103e+01
4.096000000000000796e+01
8.190250000000001762e+01
1.638400000000000318e+02
3.276100000000000705e+02
6.553600000000001273e+02
1.310440000000000282e+03
2.621440000000000509e+03
5.243208099999999831e+03
1.048576000000000204e+04
2.097283239999999932e+04
4.194304000000000815e+04
8.388553689999999187e+04
1.677721600000000326e+05
3.355421475999999675e+05
6.710886400000001304e+05
